N       mode1        mode2 (M = 10000)
1       6014         225271
2       6059         119164
4       6666         56343
8       6998         31244
16      3899         13232
32      6332         5937
64      6313         3643
128     6014         6186
256     6222         6588
512     6165         6326
1024    7529         6777
2048    5593         6038
4096    5295         5273




M               mode1               mode2 (N = 64)
1000            3295                4183                
10000           7610                15015
100000          35625               40376
1000000         132506              263082
10000000        1093227             2398312
100000000       10186026            23673146

./producer 1000 | ./consumer 1000
./producer 10000 | ./consumer 10000
./producer 100000 | ./consumer 100000
./producer 1000000 | ./consumer 1000000
./producer 10000000 | ./consumer 10000000
./producer 100000000 | ./consumer 100000000